8418.  0.9801807
8418.37614679337  0.9824132
8418.75229358673  0.979775
8419.1284403801  0.9821106
8419.50458717346  0.9927273
8419.88073396683  0.9939515
8420.2568807602  1.002192
8420.63302755356  0.9946956
8421.00917434692  0.9910946
8421.38532114029  0.99558
8421.76146793366  0.9866067
8422.13761472702  0.9657242
8422.51376152039  0.9689371
8422.88990831375  0.9695159
8423.26605510712  0.9599062
8423.64220190048  0.9694778
8424.01834869385  0.9684353
8424.39449548722  0.9786555
8424.77064228058  0.9685591
8425.14678907395  0.9367265
8425.52293586731  0.9264975
8425.89908266068  0.9095065
8426.27522945404  0.9392059
8426.65137624741  0.9759647
8427.02752304077  1.000016
8427.40366983414  0.9910884
8427.7798166275  0.9978821
8428.15596342087  0.9919875
8428.53211021424  1.0025
8428.9082570076  0.9958156
8429.28440380097  0.9800113
8429.66055059433  1.02365
8430.0366973877  1.036565
8430.41284418106  1.007046
8430.78899097443  0.9948592
8431.16513776779  0.9967672
8431.54128456116  1.000374
8431.91743135452  1.013216
8432.29357814789  1.016882
8432.66972494125  0.9942723
8433.04587173462  0.9678964
8433.42201852799  0.9254991
8433.79816532135  0.8832324
8434.17431211472  0.8280573
8434.55045890808  0.8139824
8434.92660570145  0.8601126
8435.30275249482  0.9098603
8435.67889928818  0.9652455
8436.05504608155  0.9644514
8436.43119287491  0.9663773
8436.80733966828  0.9802934
8437.18348646164  0.9835277
8437.55963325501  0.9654772
8437.93578004837  0.9333351
8438.31192684174  0.9108626
8438.6880736351  0.9040634
8439.06422042847  0.932031
8439.44036722183  0.9689478
8439.8165140152  0.9750969
8440.19266080857  0.9812956
8440.56880760193  1.000736
8440.9449543953  1.006131
8441.32110118866  1.000329
8441.69724798203  0.9903442
8442.07339477539  0.9830705
8442.44954156876  0.9904713
8442.82568836212  0.9914152
8443.20183515549  0.9828154
8443.57798194885  0.9971254
8443.95412874222  1.002142
8444.33027553559  0.9874104
8444.70642232895  0.9814557
8445.08256912232  0.9616436
8445.45871591568  0.9557009
8445.83486270905  0.9588314
8446.21100950241  0.9719108
8446.58715629578  0.982384
8446.96330308915  0.9917495
8447.33944988251  0.993141
8447.71559667587  0.9984798
8448.09174346924  1.010997
8448.46789026261  1.004911
8448.84403705597  0.9876815
8449.22018384934  0.9826419
8449.5963306427  0.966707
8449.97247743607  0.9632184
8450.34862422943  0.9709989
8450.7247710228  0.9699263
8451.10091781616  0.9784731
8451.47706460953  0.9804675
8451.8532114029  0.990344
8452.22935819626  0.9947319
8452.60550498963  0.9951528
8452.98165178299  0.9977072
8453.35779857636  1.008638
8453.73394536972  1.013919
8454.11009216309  1.008047
8454.48623895645  0.9880099
8454.86238574982  1.014083
8455.23853254319  1.016094
8455.61467933655  0.990157
8455.99082612992  1.00314
8456.36697292328  0.9902156
8456.74311971665  0.9709551
8457.11926651001  0.9830384
8457.49541330338  0.9955699
8457.87156009674  0.9966955
8458.24770689011  0.9935949
8458.62385368347  1.013475
8459.00000047684  1.005916
8459.3761472702  0.9827769
8459.75229406357  0.9775373
8460.12844085694  0.9784304
8460.5045876503  0.9848626
8460.88073444367  0.9971988
8461.25688123703  0.9978991
8461.6330280304  0.9862913
8462.00917482376  0.9922618
8462.38532161713  0.9885763
8462.7614684105  1.00419
8463.13761520386  1.002633
8463.51376199723  0.9920208
8463.88990879059  0.9892499
8464.26605558396  0.9835233
8464.64220237732  0.9952639
8465.01834917069  0.9952313
8465.39449596405  0.9612932
8465.77064275742  0.9733903
8466.14678955078  0.9753486
8466.52293634415  0.9496528
8466.89908313752  0.897328
8467.27522993088  0.8526145
8467.65137672425  0.8376118
8468.02752351761  0.8674105
8468.40367031098  0.912848
8468.77981710434  0.9587324
8469.15596389771  0.9981681
8469.53211069107  1.00669
8469.90825748444  0.990824
8470.2844042778  0.9760051
8470.66055107117  0.9684936
8471.03669786453  0.959219
8471.4128446579  0.9670185
8471.78899145127  0.9965954
8472.16513824463  1.009217
8472.541285038  1.006064
8472.91743183136  1.004424
8473.29357862473  1.002791
8473.66972541809  0.9966304
8474.04587221146  1.008148
8474.42201900482  1.012667
8474.79816579819  1.014648
8475.17431259156  1.005342
8475.55045938492  1.006551
8475.92660617829  0.9887964
8476.30275297165  1.006886
8476.67889976502  1.007232
8477.05504655838  1.00551
8477.43119335175  1.006792
8477.80734014511  0.9980929
8478.18348693848  1.003765
8478.55963373185  1.004048
8478.93578052521  0.9909526
8479.31192731857  0.9965045
8479.68807411194  0.9902159
8480.06422090531  0.9713011
8480.44036769867  0.9730377
8480.81651449204  0.9797425
8481.1926612854  0.9807809
8481.56880807877  0.9808348
8481.94495487213  0.9857436
8482.3211016655  1.004639
8482.69724845887  1.007849
8483.07339525223  0.9919245
8483.4495420456  0.9950571
8483.82568883896  1.003749
8484.20183563233  1.00594
8484.57798242569  1.008456
8484.95412921906  1.006406
8485.33027601242  0.9991835
8485.70642280579  0.9913785
8486.08256959915  0.9941262
8486.45871639252  1.001029
8486.83486318588  0.9961472
8487.21100997925  0.9910042
8487.58715677262  0.9853896
8487.96330356598  0.984383
8488.33945035935  0.977855
8488.71559715271  1.002916
8489.09174394608  0.9942847
8489.46789073944  0.9736813
8489.84403753281  0.9873037
8490.22018432617  0.9951721
8490.59633111954  0.9807122
8490.97247791291  0.9730819
8491.34862470627  0.9729617
8491.72477149964  0.9653243
8492.100918293  0.9611877
8492.47706508637  0.9789786
8492.85321187973  0.9731899
8493.2293586731  0.9639427
8493.60550546646  0.955318
8493.98165225983  0.9503354
8494.35779905319  0.9495715
8494.73394584656  0.9154999
8495.11009263993  0.8842118
8495.48623943329  0.856619
8495.86238622666  0.800658
8496.23853302002  0.7275108
8496.61467981339  0.6507688
8496.99082660675  0.6099853
8497.36697340012  0.6074019
8497.74312019348  0.6722519
8498.11926698685  0.7627522
8498.49541378021  0.8365343
8498.87156057358  0.8867934
8499.24770736694  0.9146168
8499.62385416031  0.9297703
8500.00000095368  0.9497519
8500.37614774704  0.9370752
8500.75229454041  0.9341256
8501.12844133377  0.9438348
8501.50458812714  0.9392992
8501.8807349205  0.9466982
8502.25688171387  0.9539475
8502.63302850724  0.9796684
8503.0091753006  0.9696993
8503.38532209397  0.9671693
8503.76146888733  0.9844886
8504.1376156807  0.9980845
8504.51376247406  1.009371
8504.88990926743  0.9966672
8505.26605606079  0.9791672
8505.64220285416  0.9811465
8506.01834964752  0.9741444
8506.39449644089  0.9716849
8506.77064323426  0.9871315
8507.14679002762  0.9996967
8507.52293682099  0.9936033
8507.89908361435  0.9882516
8508.27523040772  0.9969435
8508.65137720108  1.004444
8509.02752399445  0.9948456
8509.40367078781  0.9914029
8509.77981758118  1.003396
8510.15596437454  1.004189
8510.53211116791  1.007741
8510.90825796128  0.9887772
8511.28440475464  0.986982
8511.66055154801  0.9862374
8512.03669834137  0.9782246
8512.41284513474  0.9318022
8512.7889919281  0.8878964
8513.16513872147  0.8480873
8513.54128551483  0.8394631
8513.9174323082  0.8685212
8514.29357910157  0.9046469
8514.66972589493  0.9363199
8515.04587268829  0.9734595
8515.42201948166  0.9883016
8515.79816627503  0.99566
8516.17431306839  0.9915258
8516.55045986176  0.9639808
8516.92660665512  0.9673806
8517.30275344849  0.9513605
8517.67890024185  0.9597623
8518.05504703522  0.9586433
8518.43119382859  0.9811222
8518.80734062195  0.9891639
8519.18348741532  0.9859716
8519.55963420868  0.9691573
8519.93578100205  0.983182
8520.31192779541  1.000115
8520.68807458878  0.9983386
8521.06422138214  1.012489
8521.44036817551  1.005336
8521.81651496887  0.9922028
8522.19266176224  0.9881893
8522.5688085556  1.003411
8522.94495534897  1.020223
8523.32110214234  1.006449
8523.6972489357  0.9821109
8524.07339572907  0.9664307
8524.44954252243  0.9663609
8524.8256893158  0.9739476
8525.20183610916  0.9655048
8525.57798290253  0.943018
8525.95412969589  0.9411302
8526.33027648926  0.9505615
8526.70642328262  0.9842813
8527.08257007599  1.001796
8527.45871686936  0.996969
8527.83486366272  0.9879104
8528.21101045609  0.9834375
8528.58715724945  0.9886215
8528.96330404282  0.9928212
8529.33945083618  0.9882388
8529.71559762955  0.988816
8530.09174442292  0.9874465
8530.46789121628  0.9913459
8530.84403800965  0.9874946
8531.22018480301  0.9744539
8531.59633159638  0.9893898
8531.97247838974  0.9932058
8532.34862518311  0.9875972
8532.72477197647  0.9762734
8533.10091876984  0.9693598
8533.4770655632  0.9654399
8533.85321235657  0.9553337
8534.22935914993  0.9492939
8534.6055059433  0.926325
8534.98165273667  0.9075992
8535.35779953003  0.9026193
8535.7339463234  0.9019624
8536.11009311676  0.905159
8536.48623991013  0.9126691
8536.86238670349  0.8840899
8537.23853349686  0.8486893
8537.61468029022  0.8362434
8537.99082708359  0.8161516
8538.36697387696  0.7907354
8538.74312067032  0.7622744
8539.11926746369  0.7287529
8539.49541425705  0.6737235
8539.87156105042  0.6182624
8540.24770784378  0.5612046
8540.62385463715  0.4958908
8541.00000143051  0.4565761
8541.37614822388  0.4506172
8541.75229501724  0.479873
8542.12844181061  0.5536427
8542.50458860398  0.6260853
8542.88073539734  0.6695258
8543.25688219071  0.7195051
8543.63302898407  0.7639413
8544.00917577744  0.7895795
8544.3853225708  0.8207771
8544.76146936417  0.8562207
8545.13761615753  0.875625
8545.5137629509  0.8806852
8545.88990974426  0.8888868
8546.26605653763  0.8962336
8546.642203331  0.8949685
8547.01835012436  0.8984408
8547.39449691773  0.9164839
8547.77064371109  0.9248518
8548.14679050446  0.9437197
8548.52293729782  0.953382
8548.89908409119  0.9536193
8549.27523088455  0.9633473
8549.65137767792  0.9680102
8550.02752447129  0.9790838
8550.40367126465  0.9618325
8550.77981805801  0.9716519
8551.15596485138  0.9933187
8551.53211164475  0.9803768
8551.90825843811  0.9544405
8552.28440523148  0.9654391
8552.66055202484  0.994203
8553.03669881821  0.9932557
8553.41284561157  0.9901329
8553.78899240494  0.9621754
8554.16513919831  0.9486524
8554.54128599167  0.947441
8554.91743278504  0.9693394
8555.2935795784  0.9539449
8555.66972637177  0.937934
8556.04587316513  0.9289563
8556.4220199585  0.9523167
8556.79816675186  0.9755973
8557.17431354523  0.9957437
8557.55046033859  0.9888893
8557.92660713196  0.979853
8558.30275392533  0.999441
8558.67890071869  0.9878136
8559.05504751206  0.9990709
8559.43119430542  1.00917
8559.80734109879  0.9961614
8560.18348789215  0.9838577
8560.55963468552  0.9860619
8560.93578147889  0.9823636
8561.31192827225  0.9798155
8561.68807506561  0.9869742
8562.06422185898  0.9881359
8562.44036865234  0.9829336
8562.81651544571  0.9929573
8563.19266223908  1.011398
8563.56880903244  0.9926114
8563.94495582581  0.9817189
8564.32110261917  0.9849591
8564.69724941254  0.9819182
8565.0733962059  0.9990091
8565.44954299927  1.001115
8565.82568979264  0.9744775
8566.201836586  0.9700313
8566.57798337937  0.988214
8566.95413017273  0.9796364
8567.3302769661  0.9752376
8567.70642375946  0.979264
8568.08257055283  0.9790695
8568.45871734619  0.983943
8568.83486413956  0.9741915
8569.21101093293  0.9805834
8569.58715772629  0.9884803
8569.96330451966  0.9941149
8570.33945131302  0.9834996
8570.71559810639  0.9740817
8571.09174489975  0.9649044
8571.46789169312  0.9609438
8571.84403848648  0.9676253
8572.22018527985  0.9704252
8572.59633207322  0.9702209
8572.97247886658  0.9694322
8573.34862565994  0.974658
8573.72477245331  0.9898809
8574.10091924667  1.000783
8574.47706604004  0.9998901
8574.85321283341  0.9936485
8575.22935962677  0.9906467
8575.60550642014  0.98641
8575.9816532135  0.9850242
8576.35780000687  0.9888787
8576.73394680024  0.9960156
8577.1100935936  0.9872038
8577.48624038697  0.9999832
8577.86238718033  0.9962951
8578.2385339737  0.9852002
8578.61468076706  0.9874882
8578.99082756043  1.002078
8579.36697435379  1.013499
8579.74312114716  0.9903386
8580.11926794052  0.9838605
8580.49541473389  0.9700319
8580.87156152725  0.9357949
8581.24770832062  0.9089568
8581.62385511399  0.9286983
8582.00000190735  0.9656505
8582.37614870072  0.9542957
8582.75229549408  0.9645997
8583.12844228745  0.9815773
8583.50458908081  0.9871206
8583.88073587418  1.00349
8584.25688266754  1.002763
8584.63302946091  0.9965705
8585.00917625428  0.9957306
8585.38532304764  1.005872
8585.76146984101  0.9950052
8586.13761663437  0.9916362
8586.51376342774  1.000306
8586.8899102211  1.007636
8587.26605701447  0.9878338
8587.64220380783  0.9815264
8588.0183506012  1.00253
8588.39449739456  1.0032
8588.77064418793  1.015069
8589.1467909813  0.996981
8589.52293777466  0.9898116
8589.89908456803  0.9993978
8590.27523136139  1.002795
8590.65137815476  0.9894043
8591.02752494812  0.9853983
8591.40367174149  0.9645303
8591.77981853485  0.9711722
8592.15596532822  0.9593319
8592.53211212158  0.9702333
8592.90825891495  0.9803817
8593.28440570831  0.9864302
8593.66055250168  0.9907197
8594.03669929505  1.004734
8594.41284608841  1.005707
8594.78899288178  0.9738088
8595.16513967514  0.9719946
8595.54128646851  0.9932494
8595.91743326187  0.9922457
8596.29358005524  0.9903545
8596.66972684861  0.9989023
8597.04587364197  0.9837435
8597.42202043534  0.9721125
8597.7981672287  0.9575305
8598.17431402207  0.9602846
8598.55046081543  0.9814816
8598.9266076088  0.9849282
8599.30275440216  0.9840466
8599.67890119553  1.007545
8600.05504798889  1.006913
8600.43119478226  1.000429
8600.80734157563  0.9918017
8601.18348836899  0.9995016
8601.55963516236  0.9930904
8601.93578195572  0.9972241
8602.31192874909  0.99637
8602.68807554245  0.9946969
8603.06422233582  1.012599
8603.44036912918  1.026513
8603.81651592255  1.005112
8604.19266271591  0.9970095
8604.56880950928  1.006882
8604.94495630265  1.013338
8605.32110309601  1.005174
8605.69724988938  0.9932894
8606.07339668274  0.9980082
8606.44954347611  1.002783
8606.82569026947  1.002859
8607.20183706284  0.9975656
8607.5779838562  0.9949532
8607.95413064957  1.003988
8608.33027744294  0.9963136
8608.7064242363  0.9928202
8609.08257102966  0.973458
8609.45871782303  0.963046
8609.8348646164  0.9690632
8610.21101140976  0.9456877
8610.58715820313  0.9071435
8610.96330499649  0.9113432
8611.33945178986  0.943953
8611.71559858322  0.9787561
8612.09174537659  1.004553
8612.46789216996  0.9883869
8612.84403896332  0.989881
8613.22018575669  0.9854559
8613.59633255005  0.9920145
8613.97247934342  1.002604
8614.34862613678  0.9966598
8614.72477293015  0.9870825
8615.10091972351  0.9686703
8615.47706651688  0.9776174
8615.85321331024  0.9919434
8616.22936010361  0.9995072
8616.60550689697  1.008027
8616.98165369034  1.011837
8617.35780048371  1.005078
8617.73394727707  0.9894273
8618.11009407044  0.9939594
8618.4862408638  1.009287
8618.86238765717  1.004042
8619.23853445053  1.014346
8619.6146812439  1.002153
8619.99082803726  0.9687818
8620.36697483063  0.9441546
8620.74312162399  0.9463868
8621.11926841736  0.9506112
8621.49541521073  0.9732586
8621.87156200409  0.9889771
8622.24770879746  0.9976475
8622.62385559082  0.9968914
8623.00000238419  1.005907
8623.37614917755  0.9994162
8623.75229597092  0.9883509
8624.12844276429  1.011984
8624.50458955765  1.012505
8624.88073635102  0.9978229
8625.25688314438  1.003165
8625.63302993775  1.01738
8626.00917673111  1.011053
8626.38532352448  1.001824
8626.76147031784  0.9831207
8627.13761711121  0.98455
8627.51376390457  0.9952704
8627.88991069794  1.008446
8628.2660574913  0.9948752
8628.64220428467  0.9900365
8629.01835107804  0.9840204
8629.3944978714  0.9845849
8629.77064466477  1.000869
8630.14679145813  0.987679
8630.5229382515  1.005571
8630.89908504486  0.9977537
8631.27523183823  0.9899135
8631.65137863159  0.9758599
8632.02752542496  0.9875168
8632.40367221833  0.9897451
8632.77981901169  0.9674588
8633.15596580506  0.9702621
8633.53211259842  0.9819582
8633.90825939179  0.9925215
8634.28440618515  0.9972619
8634.66055297852  1.010941
8635.03669977188  1.020851
8635.41284656525  1.002948
8635.78899335861  0.9890572
8636.16514015198  0.9920779
8636.54128694535  0.9801079
8636.91743373871  0.9865176
8637.29358053208  0.9888511
8637.66972732544  0.9925141
8638.04587411881  1.007949
8638.42202091217  1.009207
8638.79816770554  1.000347
8639.1743144989  1.012423
8639.55046129227  1.026251
8639.92660808563  1.016928
8640.302754879  1.013757
8640.67890167237  0.9981812
8641.05504846573  1.001851
8641.4311952591  0.9915723
8641.80734205246  0.9906607
8642.18348884583  0.99912
8642.55963563919  1.015366
8642.93578243256  0.9990345
8643.31192922592  1.000406
8643.68807601929  1.007906
8644.06422281266  0.9991304
8644.44036960602  1.022191
8644.81651639938  1.002978
8645.19266319275  1.005293
8645.56880998612  1.013533
8645.94495677948  1.014248
8646.32110357285  1.003562
8646.69725036621  0.9954292
8647.07339715958  0.968288
8647.44954395294  0.9488479
8647.82569074631  0.9438919
8648.20183753968  0.9697385
8648.57798433304  0.9850383
8648.95413112641  1.001856
8649.33027791977  0.9993318
8649.70642471314  1.010443
8650.0825715065  1.01615
8650.45871829987  1.005985
8650.83486509323  1.003253
8651.2110118866  0.9952145
8651.58715867996  0.9896953
8651.96330547333  0.9935438
8652.3394522667  0.9719356
8652.71559906006  0.9791001
8653.09174585343  0.984818
8653.46789264679  0.9584
8653.84403944016  0.9720875
8654.22018623352  0.9843272
8654.59633302689  0.9800954
8654.97247982025  0.9772434
8655.34862661362  0.9804258
8655.72477340698  0.9641325
8656.10092020035  0.9406853
8656.47706699371  0.9450083
8656.85321378708  0.9358722
8657.22936058045  0.9201626
8657.60550737381  0.9100897
8657.98165416718  0.8942679
8658.35780096054  0.8739697
8658.73394775391  0.8350902
8659.11009454727  0.7806184
8659.48624134064  0.7486141
8659.86238813401  0.7015157
8660.23853492737  0.6230093
8660.61468172074  0.5267712
8660.9908285141  0.4618625
8661.36697530747  0.4702726
8661.74312210083  0.5308016
8662.1192688942  0.6031185
8662.49541568756  0.6753248
8662.87156248093  0.7391573
8663.24770927429  0.7790924
8663.62385606766  0.8357739
8664.00000286103  0.8616575
8664.37614965439  0.8663456
8664.75229644776  0.8956791
8665.12844324112  0.9171859
8665.50459003449  0.930432
8665.88073682785  0.938574
8666.25688362122  0.9499065
8666.63303041458  0.9522
8667.00917720795  0.9622669
8667.38532400131  0.9657811
8667.76147079468  0.9575489
8668.13761758804  0.9575964
8668.51376438141  0.9829782
8668.88991117478  0.9843
8669.26605796814  0.9706426
8669.64220476151  0.9660795
8670.01835155487  0.9894607
8670.39449834824  0.9968703
8670.77064514161  0.9742321
8671.14679193497  0.9720417
8671.52293872833  0.9626372
8671.8990855217  0.9699873
8672.27523231507  0.9633871
8672.65137910843  0.9623325
8673.0275259018  0.9430022
8673.40367269516  0.9028314
8673.77981948853  0.8585218
8674.15596628189  0.8636448
8674.53211307526  0.9060817
8674.90825986862  0.9314455
8675.28440666199  0.9617389
8675.66055345536  0.9789498
8676.03670024872  1.004272
8676.41284704209  0.992084
8676.78899383545  1.003635
8677.16514062882  1.010693
8677.54128742218  1.007656
8677.91743421555  0.9966046
8678.29358100891  0.9793156
8678.66972780228  0.9608551
8679.04587459565  0.9553236
8679.42202138901  0.9657143
8679.79816818238  0.9858515
8680.17431497574  0.9933043
8680.55046176911  0.9888915
8680.92660856247  0.9747059
8681.30275535584  0.9700246
8681.6789021492  0.9656408
8682.05504894257  0.9544902
8682.43119573593  0.949263
8682.8073425293  0.9596576
8683.18348932266  0.9801861
8683.55963611603  0.9976676
8683.9357829094  0.9947427
8684.31192970276  0.9887422
8684.68807649613  0.9987887
8685.06422328949  0.9920233
8685.44037008286  0.9603482
8685.81651687622  0.9632976
8686.19266366959  0.9444894
8686.56881046295  0.9041961
8686.94495725632  0.8358904
8687.32110404968  0.7501632
8687.69725084305  0.7147071
8688.07339763642  0.7554117
8688.44954442978  0.8114237
8688.82569122315  0.8749504
8689.20183801651  0.9300407
8689.57798480988  0.9620544
8689.95413160324  0.9897843
8690.33027839661  0.9881634
8690.70642518998  0.9946965
8691.08257198334  0.9768496
8691.45871877671  0.9598282
8691.83486557007  0.9606479
8692.21101236344  0.9666874
8692.5871591568  0.9830994
8692.96330595017  0.9791125
8693.33945274353  0.9871311
8693.7155995369  0.9868222
8694.09174633026  0.9907539
8694.46789312363  0.989896
8694.84403991699  0.9959875
8695.22018671036  0.9848316
8695.59633350373  0.9928476
8695.97248029709  0.9845299
8696.34862709045  0.9800514
8696.72477388382  0.9828085
8697.10092067719  0.9847836
8697.47706747055  0.9788054
8697.85321426392  0.9612479
8698.22936105728  0.9317855
8698.60550785065  0.9329668
8698.98165464402  0.960863
8699.35780143738  0.9833332
8699.73394823075  0.9931933
8700.11009502411  0.9909632
8700.48624181748  0.9753494
8700.86238861084  0.9882774
8701.23853540421  1.001554
8701.61468219757  0.9983829
8701.99082899094  0.9767399
8702.36697578431  0.9736928
8702.74312257767  0.9931572
8703.11926937103  0.9698797
8703.4954161644  0.981567
8703.87156295777  0.9822149
8704.24770975113  0.9858355
8704.6238565445  0.9718514
8705.00000333786  0.9815043
8705.37615013123  0.9895566
8705.75229692459  1.000241
8706.12844371796  1.011663
8706.50459051132  0.9878249
8706.88073730469  0.9886891
8707.25688409806  1.004037
8707.63303089142  1.011107
8708.00917768479  0.9988489
8708.38532447815  0.9890955
8708.76147127152  0.9619361
8709.13761806488  0.9328151
8709.51376485825  0.9225636
8709.88991165161  0.952037
8710.26605844498  0.9705243
8710.64220523834  0.96103
8711.01835203171  0.951533
8711.39449882508  0.9390371
8711.77064561844  0.9244842
8712.14679241181  0.92862
8712.52293920517  0.9427586
8712.89908599854  0.9770855
8713.2752327919  0.9802967
8713.65137958527  0.9833735
8714.02752637863  0.9967774
8714.403673172  1.001183
8714.77981996536  0.9935224
8715.15596675873  0.9868879
8715.5321135521  0.9971827
8715.90826034546  0.9785815
8716.28440713883  0.9553195
8716.66055393219  0.9537415
8717.03670072556  0.94098
8717.41284751892  0.955698
8717.78899431229  0.9728209
8718.16514110565  0.9825953
8718.54128789902  0.9851365
8718.91743469239  0.9911785
8719.29358148575  0.9928672
8719.66972827912  0.9869992
8720.04587507248  0.9871482
8720.42202186585  0.9873069
8720.79816865921  0.9895216
8721.17431545258  0.9850133
8721.55046224594  1.000361
8721.92660903931  1.002722
8722.30275583267  1.003898
8722.67890262604  1.012597
8723.0550494194  0.9977725
8723.43119621277  0.9891326
8723.80734300614  0.9915955
8724.1834897995  0.996297
8724.55963659287  1.004342
8724.93578338623  0.9951719
8725.3119301796  0.9880409
8725.68807697296  1.013268
8726.06422376633  0.9860199
8726.4403705597  0.9602215
8726.81651735306  0.9641783
8727.19266414643  0.9691027
8727.56881093979  0.9738103
8727.94495773316  0.9691129
8728.32110452652  0.9650689
8728.69725131989  0.9825352
8729.07339811325  0.9839653
8729.44954490662  0.9872727
8729.82569169998  1.001344
8730.20183849335  1.00307
8730.57798528672  1.001503
8730.95413208008  0.9664814
8731.33027887345  0.9735096
8731.70642566681  0.9842932
8732.08257246018  0.9986718
8732.45871925354  1.003235
8732.83486604691  0.9883438
8733.21101284027  1.000665
8733.58715963364  0.9608313
8733.963306427  0.9393802
8734.33945322037  0.9189885
8734.71560001373  0.8946939
8735.0917468071  0.8949513
8735.46789360047  0.8996002
8735.84404039383  0.9195955
8736.2201871872  0.9487292
8736.59633398056  0.9571983
8736.97248077393  0.9953349
8737.34862756729  0.9853814
8737.72477436066  0.9803523
8738.10092115403  1.001232
8738.47706794739  0.9952093
8738.85321474075  0.9746355
8739.22936153412  0.9861336
8739.60550832749  0.9924826
8739.98165512085  0.9770908
8740.35780191422  0.9742007
8740.73394870758  0.9791421
8741.11009550095  0.9697645
8741.48624229431  0.9397454
8741.86238908768  0.9529333
8742.23853588105  0.9942538
8742.61468267441  1.023071
8742.99082946778  1.017926
8743.36697626114  1.018806
8743.74312305451  1.008321
8744.11926984787  1.006952
8744.49541664124  0.9970226
8744.8715634346  1.006309
8745.24771022797  0.9876105
8745.62385702133  0.9738909
8746.0000038147  0.9751464
8746.37615060806  0.9778108
8746.75229740143  0.9845782
8747.1284441948  0.9920798
8747.50459098816  0.9896945
8747.88073778153  1.006308
8748.25688457489  1.000599
8748.63303136826  1.001507
8749.00917816162  1.01145
8749.38532495499  1.004044
8749.76147174835  0.9972045
8750.13761854172  0.9761781
8750.51376533508  0.9580979
8750.88991212845  0.9417194
8751.26605892182  0.9450002
8751.64220571518  0.9469458
8752.01835250855  0.9775876
8752.39449930191  0.9941725
8752.77064609528  0.9949723
8753.14679288864  1.008517
8753.52293968201  0.9843839
8753.89908647538  0.9872929
8754.27523326874  0.9891288
8754.65138006211  0.9912755
8755.02752685547  0.9835734
8755.40367364884  0.9791423
8755.7798204422  0.9453603
8756.15596723557  0.9237561
8756.53211402893  0.9547457
8756.9082608223  0.9529439
8757.28440761566  0.9596369
8757.66055440903  0.98487
8758.03670120239  0.9997885
8758.41284799576  0.9952499
8758.78899478913  0.9917532
8759.16514158249  0.9959757
8759.54128837586  0.9955453
8759.91743516922  0.9986175
8760.29358196259  1.003946
8760.66972875595  1.006017
8761.04587554932  0.9923914
8761.42202234268  0.9939523
8761.79816913605  0.9891724
8762.17431592941  0.9831529
8762.55046272278  0.9495724
8762.92660951615  0.898201
8763.30275630951  0.897114
8763.67890310288  0.9385702
8764.05504989624  0.9646575
8764.43119668961  0.9743887
8764.80734348297  0.9809584
8765.18349027634  0.9759915
8765.5596370697  0.9597998
8765.93578386307  0.9652373
8766.31193065644  0.9791848
8766.6880774498  0.9858038
8767.06422424317  0.9979965
8767.44037103653  1.0096
8767.8165178299  1.001559
8768.19266462326  1.003324
8768.56881141663  1.013832
8768.94495820999  1.010927
8769.32110500336  0.999389
8769.69725179672  1.001723
8770.07339859009  0.9967682
8770.44954538346  0.9812115
8770.82569217682  0.9770252
8771.20183897019  0.9569585
8771.57798576355  0.9398469
8771.95413255692  0.9081082
8772.33027935028  0.8931605
8772.70642614365  0.885194
8773.08257293701  0.8864973
8773.45871973038  0.9182211
8773.83486652375  0.9598753
8774.21101331711  0.9756578
8774.58716011047  0.9879424
8774.96330690384  1.012878
8775.33945369721  1.00966
8775.71560049057  0.9951499
8776.09174728394  1.003614
8776.4678940773  1.011366
8776.84404087067  0.9993132
8777.22018766403  0.9901706
8777.5963344574  0.9917554
8777.97248125077  0.9867631
8778.34862804413  0.997124
8778.7247748375  0.9929949
8779.10092163086  1.00053
8779.47706842423  0.9879578
8779.85321521759  0.9850343
8780.22936201096  0.9910149
8780.60550880432  0.9886222
8780.98165559769  0.9867041
8781.35780239105  0.9885658
8781.73394918442  0.9920142
8782.11009597779  1.006284
8782.48624277115  0.9943059
8782.86238956452  0.9691406
8783.23853635788  0.9748833
8783.61468315125  0.9825755
8783.99082994461  1.001587
8784.36697673798  0.9918553
8784.74312353135  0.9829651
8785.11927032471  0.9877884
8785.49541711807  0.9966874
8785.87156391144  0.9905946
8786.2477107048  1.007057
8786.62385749817  1.003849
8787.00000429154  1.000196
