6516.40999996 0.998375336402 0.00179464594812
6516.41999996 0.997907178784 0.00179380440372
6516.42999996 0.997326020312 0.00179275973278
6516.43999996 0.996653021268 0.00179154997232
6516.44999996 0.995907268813 0.00179020943277
6516.45999996 0.99510269086 0.00178876315049
6516.46999996 0.994244139734 0.00178721984784
6516.47999996 0.993332379795 0.00178558089882
6516.48999996 0.992368833278 0.00178384885999
6516.49999996 0.991369255529 0.00178205205262
6516.50999996 0.990369859373 0.00178025557169
6516.51999996 0.989428830491 0.0017785640098
6516.52999996 0.988607656977 0.00177708789589
6516.53999996 0.987960623156 0.00177592480964
6516.54999996 0.987507131894 0.00177510962899
6516.55999996 0.9872232034 0.00177459924867
6516.56999996 0.98704063188 0.00177427106424
6516.57999996 0.986866816363 0.00177395861931
6516.58999996 0.986620587246 0.00177351600613
6516.59999996 0.986265344048 0.00177287743289
6516.60999996 0.985827272292 0.00177208996983
6516.61999996 0.985400446213 0.00177132272162
6516.62999996 0.985113728243 0.00177080732703
6516.63999996 0.98509234505 0.00177076888932
6516.64999996 0.985418550227 0.00177135526478
6516.65999996 0.986099801161 0.00177257985856
6516.66999996 0.987077336419 0.00177433704309
6516.67999996 0.988239120664 0.0017764254274
6516.68999996 0.989456478526 0.00177861370897
6516.69999996 0.990617800716 0.00178070126271
6516.70999996 0.991650146607 0.00178255697298
6516.71999996 0.992518523549 0.00178411793819
6516.72999996 0.993227844094 0.00178539298896
6516.73999996 0.993806382513 0.00178643295018
6516.74999996 0.994289018052 0.0017873005196
6516.75999996 0.994708863169 0.00178805521907
6516.76999996 0.995086793925 0.00178873457469
6516.77999996 0.995430584386 0.00178935256087
6516.78999996 0.995734490352 0.00178989885202
6516.79999996 0.995983420172 0.0017903463199
6516.80999996 0.996157513192 0.00179065926366
6516.81999996 0.996235615315 0.00179079965741
6516.82999996 0.996196613124 0.00179072954838
6516.83999996 0.996020751599 0.00179041342562
6516.84999996 0.995690137289 0.00178981912445
6516.85999996 0.995187764879 0.00178891607669
6516.86999996 0.994501509001 0.00178768248618
6516.87999996 0.993624582569 0.00178610615271
6516.88999996 0.992559782074 0.00178419210312
6516.89999996 0.991319572031 0.00178196274324
6516.90999996 0.989931652004 0.00177946786485
6516.91999996 0.988429726317 0.00177676805371
6516.92999996 0.986857498098 0.00177394186911
6516.93999996 0.985264090006 0.00177107761228
6516.94999996 0.98370470626 0.00176827451647
6516.95999996 0.98222956744 0.00176562285651
6516.96999996 0.980892011431 0.00176321851078
6516.97999996 0.979739576788 0.001761146933
6516.98999996 0.978814764214 0.00175948452101
6516.99999996 0.978143004115 0.00175827698763
6517.00999996 0.977739226387 0.00175755117036
6517.01999996 0.977599917999 0.00175730075428
6517.02999996 0.977713252218 0.00175750448007
6517.03999996 0.978059288456 0.00175812650318
6517.04999996 0.978621987663 0.00175913799236
6517.05999996 0.979390598886 0.00176051962206
6517.06999996 0.980362712346 0.00176226706054
6517.07999996 0.981537554158 0.00176437891669
6517.08999996 0.982907649427 0.0017668417539
6517.09999996 0.98444311342 0.00176960185236
6517.10999996 0.986093238384 0.00177256806154
6517.11999996 0.987783505743 0.00177560642933
6517.12999996 0.989428246767 0.00177856296051
6517.13999996 0.990939173543 0.0017812789517
6517.14999996 0.992241943091 0.00178362076645
6517.15999996 0.993288968031 0.00178550286329
6517.16999996 0.994064335531 0.00178689663785
6517.17999996 0.994580341012 0.00178782419196
6517.18999996 0.994874604432 0.00178835314999
6517.19999996 0.995002813792 0.00178858361483
6517.20999996 0.995026800802 0.00178862673307
6517.21999996 0.995006404157 0.00178859006875
6517.22999996 0.994994341167 0.00178856838472
6517.23999996 0.995028254412 0.00178862934603
6517.24999996 0.995130448276 0.00178881304629
6517.25999996 0.995310307851 0.00178913635581
6517.26999996 0.995564390541 0.00178959308632
6517.27999996 0.995882612628 0.00179016511165
6517.28999996 0.996248441386 0.00179082271313
6517.29999996 0.996643203544 0.00179153232431
6517.30999996 0.997047125594 0.00179225840101
6517.31999996 0.997442428806 0.00179296898478
6517.32999996 0.997812524736 0.00179363425678
6517.33999996 0.998146168141 0.00179423400296
6517.34999996 0.998437658547 0.00179475797631
6517.35999996 0.998687196828 0.00179520653794
6517.36999996 0.998899224883 0.00179558767244
6517.37999996 0.999082159087 0.00179591650882
6517.38999996 0.999245275805 0.00179620972195
6517.39999996 0.999397643029 0.00179648361215
6517.40999996 0.999545649848 0.00179674966423
6517.41999996 0.999692134389 0.00179701297992
6517.42999996 0.999835579335 0.00179727083173
6517.43999996 0.99996960532 0.00179751175234
6517.44999996 1.00008447444 0.00179771823721
6517.45999996 1.00016944356 0.00179787097484
6517.46999996 1.00021505574 0.00179795296577
6517.47999996 1.00021540712 0.00179795359739
6517.48999996 1.00017020855 0.00179787234996
6517.49999996 1.000084045 0.00179771746526
6517.50999996 0.999965211347 0.00179750385388
6517.51999996 0.999823951053 0.00179724992912
6517.52999996 0.999669103654 0.00179697158065
6517.53999996 0.999507348875 0.00179668081569
6517.54999996 0.999342051884 0.00179638368338
6517.55999996 0.999173317015 0.00179608037125
6517.56999996 0.998997721997 0.00179576472754
6517.57999996 0.998809242024 0.00179542592228
6517.58999996 0.998599675594 0.00179504921271
6517.59999996 0.998358895859 0.00179461639515
6517.60999996 0.998076916203 0.001794109518
6517.61999996 0.997745153035 0.00179351315168
6517.62999996 0.997360679691 0.00179282203532
6517.63999996 0.996927037666 0.00179204253499
6517.64999996 0.996457440971 0.00179119840375
6517.65999996 0.995974944294 0.00179033108394
6517.66999996 0.995510602494 0.00178949639873
6517.67999996 0.995096309129 0.0017887516789
6517.68999996 0.994763432785 0.00178815331158
6517.69999996 0.99453413168 0.00178774112762
6517.70999996 0.994420070305 0.00178753609472
6517.71999996 0.994418903945 0.00178753399811
6517.72999996 0.994516721412 0.00178770983151
6517.73999996 0.994690408473 0.00178802204553
6517.74999996 0.994911876876 0.00178842014969
6517.75999996 0.99515061838 0.00178884930339
6517.76999996 0.995376726816 0.00178925574831
6517.77999996 0.995563406865 0.0017895913181
6517.78999996 0.995689441567 0.00178981787384
6517.79999996 0.995738677724 0.0017899063791
6517.80999996 0.995704122865 0.00178984426445
6517.81999996 0.99558709372 0.00178963389679
6517.82999996 0.995398889587 0.00178929558736
6517.83999996 0.995160370712 0.00178886683385
6517.84999996 0.994898882504 0.00178839679144
6517.85999996 0.99464362509 0.00178793794929
6517.86999996 0.994423439535 0.00178754215114
6517.87999996 0.994260386361 0.00178724905223
6517.88999996 0.994167784292 0.00178708259386
6517.89999996 0.994146764342 0.00178704480911
6517.90999996 0.994186199874 0.0017871156971
6517.91999996 0.994262104024 0.00178725213984
6517.92999996 0.994341271645 0.0017873944489
6517.93999996 0.994384050244 0.00178747134627
6517.94999996 0.994351188326 0.00178741227479
6517.95999996 0.994213072227 0.00178716400194
6517.96999996 0.993957138817 0.00178670394464
6517.97999996 0.993592949788 0.00178604929068
6517.98999996 0.99315471526 0.00178526153502
6517.99999996 0.992692307451 0.00178443032629
6518.00999996 0.992260690079 0.00178365446541
6518.01999996 0.991908547015 0.00178302146487
6518.02999996 0.991663500219 0.00178258097699
6518.03999996 0.991531064994 0.00178234291588
6518.04999996 0.991492882828 0.0017822742809
6518.05999996 0.991514725051 0.00178231354375
6518.06999996 0.991558424418 0.00178239209626
6518.07999996 0.991588567789 0.00178244628097
6518.08999996 0.991578010638 0.00178242730379
6518.09999996 0.991510893786 0.0017823066568
6518.10999996 0.99137749327 0.00178206686051
6518.11999996 0.99116927071 0.00178169256664
6518.12999996 0.990870444799 0.00178115540722
6518.13999996 0.990450506486 0.00178040054022
6518.14999996 0.989856933024 0.00177933355252
6518.15999996 0.989005361565 0.00177780279629
6518.16999996 0.987776651171 0.00177559410778
6518.17999996 0.986009260132 0.00177241710505
6518.18999996 0.983491876938 0.00176789194164
6518.19999996 0.979939614608 0.00176150651427
6518.20999996 0.975025845848 0.0017526736887
6518.21999996 0.968352829993 0.00174067849969
6518.22999996 0.95945672801 0.00172468716577
6518.23999996 0.947862682536 0.00170384609932
6518.24999996 0.933126508139 0.00167735684752
6518.25999996 0.914869031004 0.00164453782028
6518.26999996 0.892861521337 0.0016049778606
6518.27999996 0.867190532555 0.001558832554
6518.28999996 0.838260326347 0.0015068285877
6518.29999996 0.806818439101 0.00145030970799
6518.30999996 0.774087107895 0.00139147296715
6518.31999996 0.741677152967 0.00133321392151
6518.32999996 0.711336196663 0.00127867403825
6518.33999996 0.685030350178 0.00123138753278
6518.34999996 0.66453415436 0.00119454426008
6518.35999996 0.651382973163 0.00117090413879
6518.36999996 0.646531006842 0.00116218240721
6518.37999996 0.650317423657 0.00116898874281
6518.38999996 0.662430359786 0.00119076254967
6518.39999996 0.681913260358 0.00122578435689
6518.40999996 0.707303592106 0.00127142516384
6518.41999996 0.736792999163 0.00132443433079
6518.42999996 0.76847730286 0.00138138897017
6518.43999996 0.800605773277 0.00143914202872
6518.44999996 0.831610631616 0.00149487531996
6518.45999996 0.860258255972 0.00154637132662
6518.46999996 0.885820365361 0.00159232091528
6518.47999996 0.907845486191 0.0016319125322
6518.48999996 0.926271400044 0.00166503433562
6518.49999996 0.941194273402 0.00169185919119
6518.50999996 0.952957080012 0.00171300361699
6518.51999996 0.961952792679 0.00172917400773
6518.52999996 0.968572067127 0.00174107259299
6518.53999996 0.973220794896 0.00174942898978
6518.54999996 0.976234061182 0.00175484553598
6518.55999996 0.977895449997 0.00175783199267
6518.56999996 0.978396923136 0.00175873342393
6518.57999996 0.977877941364 0.00175780051974
6518.58999996 0.976411970022 0.00175516533893
6518.59999996 0.974022742045 0.00175087054302
6518.60999996 0.970700964062 0.00174489942657
6518.61999996 0.966425295745 0.00173721362891
6518.62999996 0.961181431187 0.00172778743424
6518.63999996 0.95499241527 0.00171666226724
6518.64999996 0.947914844825 0.0017039398645
6518.65999996 0.940075463737 0.00168984805654
6518.66999996 0.931695485599 0.00167478448951
6518.67999996 0.923044616147 0.00165923397734
6518.68999996 0.914474379476 0.00164382840796
6518.69999996 0.906386803896 0.00162929045393
6518.70999996 0.899216846728 0.00161640197992
6518.71999996 0.893346545439 0.00160584972363
6518.72999996 0.889121898273 0.00159825563988
6518.73999996 0.886798447884 0.00159407908355
6518.74999996 0.886487819949 0.00159352070922
6518.75999996 0.888178442387 0.00159655971529
6518.76999996 0.891717881472 0.00160292209202
6518.77999996 0.89682696436 0.0016121060077
6518.78999996 0.903150401997 0.00162347280666
6518.79999996 0.910286405667 0.001636300247
6518.80999996 0.917798333786 0.00164980343651
6518.81999996 0.925315716372 0.00166331643077
6518.82999996 0.932523888076 0.00167627359795
6518.83999996 0.939194078715 0.00168826370845
6518.84999996 0.94518633387 0.00169903518491
6518.85999996 0.950468657181 0.00170853051175
6518.86999996 0.955073745469 0.00171680846368
6518.87999996 0.959078256779 0.00172400683861
6518.88999996 0.962595594595 0.00173032948685
6518.89999996 0.965742946254 0.0017359870604
6518.90999996 0.968619242026 0.00174115739301
6518.91999996 0.971307204104 0.00174598918329
6518.92999996 0.973858629952 0.00175057554064
6518.93999996 0.976304115415 0.00175497146311
6518.94999996 0.978644035741 0.00175917762524
6518.95999996 0.980864984737 0.00176316992851
6518.96999996 0.982946243183 0.00176691112874
6518.97999996 0.984857241905 0.00177034627581
6518.98999996 0.986574899195 0.00177343387882
6518.99999996 0.988085019209 0.0017761484198
6519.00999996 0.98938789791 0.00177849043076
6519.01999996 0.990492937353 0.00178047681252
6519.02999996 0.991422266496 0.00178214734336
6519.03999996 0.992203472152 0.00178355161239
6519.04999996 0.992861944026 0.00178473525929
6519.05999996 0.993419530967 0.00178573755884
6519.06999996 0.993890396466 0.00178658397083
6519.07999996 0.994279649728 0.00178728367941
6519.08999996 0.994586377401 0.00178783504277
6519.09999996 0.994807511862 0.00178823254664
6519.10999996 0.994941988604 0.00178847427752
6519.11999996 0.994994509588 0.00178856868747
6519.12999996 0.994977647873 0.00178853837742
6519.13999996 0.994911495024 0.00178841946328
6519.14999996 0.994819983506 0.00178825496525
6519.15999996 0.994725990178 0.00178808600601
6519.16999996 0.994646014499 0.00178794224441
6519.17999996 0.994585217836 0.00178783295837
6519.18999996 0.994536956221 0.00178774620492
6519.19999996 0.994482810086 0.00178764887365
6519.20999996 0.994395816058 0.0017874924961
6519.21999996 0.994247438584 0.00178722577774
6519.22999996 0.994010093986 0.00178679913507
6519.23999996 0.993660990765 0.00178617159886
6519.24999996 0.993187727782 0.00178532087722
6519.25999996 0.992586394065 0.00178423993994
6519.26999996 0.991862061341 0.00178293790379
6519.27999996 0.991030286144 0.00178144273265
6519.28999996 0.990115375873 0.0017797981207
6519.29999996 0.98914641591 0.00177805635084
6519.30999996 0.98816094001 0.00177628489248
6519.31999996 0.987201197864 0.00177455969226
6519.32999996 0.986314019176 0.00177296492967
6519.33999996 0.985543285611 0.00177157948492
6519.34999996 0.984928990408 0.00177047524851
6519.35999996 0.984499281786 0.00176970281873
6519.36999996 0.984260512192 0.00176927361453
6519.37999996 0.984198744768 0.00176916258349
6519.38999996 0.984279347063 0.00176930747147
6519.39999996 0.984458230713 0.0017696290267
6519.40999996 0.984694225507 0.00177005324301
6519.41999996 0.984961855339 0.0017705343254
6519.42999996 0.985259491816 0.00177106934673
6519.43999996 0.985606283246 0.00177169272735
6519.44999996 0.986031563905 0.00177245719757
6519.45999996 0.986558066454 0.00177340362085
6519.46999996 0.987189905984 0.00177453939436
6519.47999996 0.987908236584 0.0017758306413
6519.48999996 0.988670670305 0.00177720116653
6519.49999996 0.989428071093 0.00177856264473
6519.50999996 0.990135350221 0.00177983402591
6519.51999996 0.990760869748 0.00178095843879
6519.52999996 0.991288278681 0.00178190649136
6519.53999996 0.99171602083 0.00178267538627
6519.54999996 0.992046955285 0.00178327026293
6519.55999996 0.992281419319 0.00178369172759
6519.56999996 0.992413248057 0.0017839286985
6519.57999996 0.992428986445 0.0017839569893
6519.58999996 0.99231154672 0.0017837458836
6519.59999996 0.992043539685 0.00178326412316
6519.60999996 0.991612325001 0.00178248898614
6519.61999996 0.991016630708 0.0017814181861
6519.62999996 0.990263141515 0.00178006373925
6519.63999996 0.989372325079 0.00177846243757
6519.64999996 0.98837195804 0.0017766642114
6519.65999996 0.987303397424 0.00177474340275
6519.66999996 0.986214819665 0.00177278661196
6519.67999996 0.985158092814 0.00177088707529
6519.68999996 0.984189471568 0.0017691459143
6519.69999996 0.983363267975 0.00176766075849
6519.70999996 0.982725792786 0.00176651485451
6519.71999996 0.98231020723 0.00176576781189
6519.72999996 0.982135957066 0.00176545458565
6519.73999996 0.982201551173 0.00176557249541
6519.74999996 0.982486300402 0.00176608435105
6519.75999996 0.982956821422 0.00176693014383
6519.76999996 0.983569675168 0.00176803178912
6519.77999996 0.984278930827 0.00176930672325
6519.78999996 0.985042376785 0.00177067906805
6519.79999996 0.985825495099 0.00177208677521
6519.80999996 0.986603961525 0.00177348612029
6519.81999996 0.987361282807 0.00177484745557
6519.82999996 0.988084912747 0.00177614822843
6519.83999996 0.98876797786 0.00177737608332
6519.84999996 0.989402830228 0.0017785172726
6519.85999996 0.9899809826 0.00177955653987
6519.86999996 0.990497105362 0.0017804843048
6519.87999996 0.990946270301 0.00178129170859
6519.88999996 0.991324989525 0.00178197248154
6519.89999996 0.991632996466 0.00178252614447
6519.90999996 0.991870438534 0.00178295296235
6519.91999996 0.992036954591 0.00178325228602
6519.92999996 0.992132098717 0.0017834233139
6519.93999996 0.99215490924 0.00178346431733
6519.94999996 0.992105276857 0.00178337509982
6519.95999996 0.991984540687 0.00178315806854
6519.96999996 0.991797107529 0.001782821145
6519.97999996 0.991549977966 0.0017823769132
6519.98999996 0.991254627066 0.00178184600035
6519.99999996 0.990925672367 0.00178125468244
6520.00999996 0.990578848868 0.00178063124418
6520.01999996 0.990231821777 0.00178000743994
6520.02999996 0.989900452861 0.00177941178232
6520.03999996 0.989596303537 0.00177886505371
6520.04999996 0.989327109419 0.00177838115942
6520.05999996 0.989096052217 0.00177796581875
6520.06999996 0.988902245866 0.00177761743897
6520.07999996 0.988743919374 0.00177733283659
6520.08999996 0.98862039309 0.0017771107899
6520.09999996 0.988532628885 0.00177695302791
6520.10999996 0.988484725364 0.00177686691815
6520.11999996 0.988483319974 0.00177686439187
6520.12999996 0.988535677414 0.00177695850784
6520.13999996 0.988648638662 0.00177716156319
6520.14999996 0.988826586227 0.00177748143575
6520.15999996 0.989070482842 0.0017779198561
6520.16999996 0.989376939031 0.00177847073145
6520.17999996 0.989737504133 0.00177911887116
6520.18999996 0.990139152326 0.00177984086045
6520.19999996 0.990566179992 0.00178060847103
6520.20999996 0.99099956438 0.00178138750824
6520.21999996 0.991419626352 0.00178214259752
6520.22999996 0.991810515492 0.0017828452467
6520.23999996 0.992159926996 0.00178347333708
6520.24999996 0.992461561355 0.00178401554486
6520.25999996 0.992716971496 0.00178447466155
6520.26999996 0.992932836051 0.00178486269241
6520.27999996 0.993118883273 0.00178519712465
6520.28999996 0.993285393775 0.00178549643833
6520.29999996 0.993440386764 0.00178577504852
6520.30999996 0.993588009807 0.00178604041074
6520.31999996 0.993729379774 0.00178629453264
6520.32999996 0.993864338172 0.00178653712932
6520.33999996 0.993992917289 0.00178676825882
6520.34999996 0.994117505402 0.00178699221422
6520.35999996 0.99424343644 0.00178721858363
6520.36999996 0.994376834197 0.00178745837495
6520.37999996 0.99452331565 0.00178772168509
6520.38999996 0.994685935207 0.00178801400454
6520.39999996 0.994862500488 0.00178833139235
6520.40999996 0.995046057497 0.00178866134826
6520.41999996 0.995226167774 0.00178898510844
6520.42999996 0.99539036751 0.00178928026837
6520.43999996 0.995527117712 0.00178952608593
6520.44999996 0.995628676573 0.00178970864473
6520.45999996 0.995690918745 0.00178982052917
6520.46999996 0.995714419534 0.00178986277339
6520.47999996 0.995702313169 0.0017898410114
6520.48999996 0.995660131583 0.0017897651872
6520.49999996 0.995594766615 0.00178964768933
6520.50999996 0.995513952117 0.0017895024199
6520.51999996 0.99542584335 0.00178934403854
6520.52999996 0.99533857257 0.00178918716352
6520.53999996 0.995258335592 0.00178904293223
6520.54999996 0.995187277238 0.00178891520012
6520.55999996 0.995122880985 0.00178879944358
6520.56999996 0.995057813143 0.00178868247981
6520.57999996 0.99498181996 0.00178854587702
6520.58999996 0.994884539802 0.00178837100948
6520.59999996 0.994758383227 0.00178814423466
6520.60999996 0.994600208156 0.00178785990447
6520.61999996 0.994411104814 0.00178751997866
6520.62999996 0.994196481576 0.00178713417914
6520.63999996 0.99396312272 0.0017867147011
6520.64999996 0.993717089612 0.00178627244026
6520.65999996 0.993463466748 0.00178581653632
6520.66999996 0.993204772585 0.00178535151639
6520.67999996 0.992940837665 0.00178487707585
6520.68999996 0.992671341525 0.00178439263865
6520.69999996 0.992396790286 0.00178389911457
6520.70999996 0.992119415999 0.00178340051587
6520.71999996 0.991845688346 0.00178290847224
6520.72999996 0.991586132239 0.00178244190291
6520.73999996 0.991352988186 0.00178202281099
6520.74999996 0.99116020915 0.00178167627788
6520.75999996 0.991020569893 0.00178142526704
6520.76999996 0.99094275695 0.00178128539311
6520.77999996 0.990932004679 0.00178126606519
6520.78999996 0.990988922341 0.00178136837847
6520.79999996 0.991110301167 0.00178158656497
6520.80999996 0.99129059101 0.00178191064793
6520.81999996 0.991521120491 0.00178232503997
6520.82999996 0.991791318139 0.00178281073818
6520.83999996 0.992088999405 0.00178334584002
6520.84999996 0.992398431533 0.00178390206482
6520.85999996 0.992702131591 0.00178444798583
6520.86999996 0.992982767925 0.00178495244828
6520.87999996 0.993223493581 0.00178538516862
6520.88999996 0.993410699218 0.00178572168318
6520.89999996 0.993536390642 0.00178594762186
